10874400 10874400
10886400 10886400
10898400 10898400
10910400 10910448
10922400 10922496
10934400 10934592
10946400 10946736
10958400 10958928
10970400 10971168
10982400 10983504
10994400 10995936
11006400 11008464
11018400 11021088
11030400 11033808
11042400 11046720
11054400 11059728
11066400 11072928
11078400 11086320
11090400 11099856
11102400 11113632
11114400 11127648
11126400 11141904
11138400 11156400
11150400 11171232
11162400 11186400
11174400 11201904
11186400 11217792
11198400 11234064
11210400 11250864
11222400 11268144
11234400 11286000
11246400 11304432
11258400 11323584
11265408 11335104
